MADS: Model Analyses & Decision Support (v1.1) 2012
---------------------------------------------------
Velimir Vesselinov (monty) vvv@lanl.gov -:- velimir.vesselinov@gmail.com
http://mads.lanl.gov -:- http://www.ees.lanl.gov/staff/monty/codes/mads

Input file name: example/contamination/s01_yaml.mads
Problem root name: example/contamination/s01_yaml
Number of YAML classes 7
YAML Classes:
 Problem -> 2 components
 Solution -> 1 components
 Sources -> 1 components
 Parameters -> 10 components
 Wells -> 20 components
 Grid -> 10 components
 Time -> 3 components
Process YAML Classes ...
Process Problem ... 

Problem type: calibration

Calibration technique: single calibration using initial guesses provided in the input file
Eigen analysis will be performed for the final optimization results

Optimization method: opt=lm --- Levenberg-Marquardt optimization
Number of Levenberg-Marquardt iterations = will be computed internally

Global termination criteria:
1: Maximum number of evaluations = 5000
2: Objective function cutoff value: NOT implemented (ADD keyword cutoff=[value] to implement)
3: Observations within predefined calibration ranges or an absolute observation error: NOT implemented (ADD keyword 'obsrange' or 'obserror' to implement)
4: Parameters within a predefined absolute error from known 'true' values: NOT implemented (ADD keyword 'parerror' to implement)
Objective function: sum of squared residuals

Sin transformation of the model parameters: applied (ADD keyword 'nosin' to remove)

Global debug (verbosity) level: debug=1
Debug (verbosity) level for the analytical model evaluations: fdebug=0
Debug (verbosity) level for Levenberg-Marquardt optimization progress: ldebug=1
Debug (verbosity) level for Particle-Swarm optimization progress: pdebug=0
Debug (verbosity) level for objective function progress: odebug=0
Debug (verbosity) level for random sets: mdebug=0
Debug (verbosity) level for template file: tpldebug=0
Debug (verbosity) level for instruction file: insdebug=0

Process Solution ... Number of solution components: 1

Process Sources ... Number of sources: 1
Source #1 type: box ... Number of parameters: 9
Source x coordinate [L]    :x     : init      1124 opt 1 log 0 step      25 min       210 max      1460
Source y coordinate [L]    :y     : init      1393 opt 1 log 0 step      25 min      1230 max      1930
Source z coordinate [L]    :z     : init         0 opt 0 log 0 step       1 min         0 max       100
Source x dimension [L]     :dx    : init       258 opt 1 log 0 step       1 min         1 max       500
Source y dimension [L]     :dy    : init       273 opt 1 log 0 step       1 min         1 max       500
Source z dimension [L]     :dz    : init         1 opt 0 log 0 step       1 min         1 max        10
Contaminant flux [M/T]     :f     : init        16 opt 1 log 1 step      10 min      0.01 max       100
Start Time [T]             :t0    : init         0 opt 1 log 0 step       1 min         0 max        43
End Time [T]               :t1    : init       100 opt 0 log 0 step       1 min         1 max       100
Model: internal box contaminant source
Process Parameters ... Number of parameters: 10
WARNING: The number of provided parameters (10) is different than the number of expected parameters (13)
Porosity [L3/L3]           :n     : init       0.1 opt 0 log 1 step     0.1 min         0 max         1
Retardation Factor [-]     :rf    : init         1 opt 0 log 0 step       1 min         1 max        10
Half-life decay [1/T]      :lambda: init         0 opt 0 log 0 step       1 min         0 max         1
Flow Angle [degrees]       :tetha : init         3 opt 1 log 0 step       5 min       -30 max        30
Pore x velocity [L/T]      :vx    : init         5 opt 1 log 1 step       1 min      0.01 max       200
Pore y velocity [L/T]      :vy    : init         0 opt 0 log 0 step       1 min         0 max         1
Pore z velocity [L/T]      :vz    : init         0 opt 0 log 0 step       1 min         0 max         1
Dispersivity x [L]         :ax    : init        70 opt 1 log 1 step       5 min        10 max       140
Dispersivity y [L]         :ay    : init        15 opt 1 log 1 step       5 min         1 max        30
Dispersivity z [L]         :az    : init       0.3 opt 1 log 1 step     0.1 min       0.1 max         1
Process Wells ... Number of wells: 20
Well W-1    x     1503 y     1954 z0   5.57 z1  12.55 nObs  1 t    49 c     0 weight       1 log 0 acceptable range: min     0 max    25
Well W-2    x     2113 y     1479 z0  36.73 z1  55.14 nObs  1 t    49 c     0 weight       1 log 0 acceptable range: min     0 max    10
Well W-3    x      418 y      950 z0      0 z1  15.04 nObs  1 t    49 c     0 weight       1 log 0 acceptable range: min     0 max    25
Well W-4    x     1377 y     1534 z0  13.15 z1  20.41 nObs  2 t    44 c   350 weight       1 log 0 acceptable range: min   300 max   700
							      t    49 c   432 weight       1 log 0 acceptable range: min   300 max   700
Well W-5    x     3268 y     1074 z0  26.73 z1  33.71 nObs  1 t    49 c     0 weight       1 log 0 acceptable range: min     0 max    10
Well W-6    x     2112 y     2294 z0  69.01 z1  83.98 nObs  1 t    49 c     0 weight       1 log 0 acceptable range: min     0 max    10
Well W-7    x     2086 y     2284 z0  11.15 z1  18.19 nObs  1 t    49 c     0 weight       1 log 0 acceptable range: min     0 max    10
Well W-8    x     2770 y     2119 z0   4.86 z1  11.87 nObs  1 t    49 c     0 weight       1 log 0 acceptable range: min     0 max    10
Well W-9    x      975 y     1450 z0   3.66 z1  10.09 nObs  1 t    49 c   981 weight       1 log 0 acceptable range: min   600 max  1200
Well W-10#1 x      723 y     1599 z0   3.32 z1   9.63 nObs  1 t    49 c   1.1 weight       1 log 0 acceptable range: min     0 max     5
Well W-10#2 x      723 y     1599 z0   23.2 z1  26.24 nObs  1 t    49 c   0.1 weight       1 log 0 acceptable range: min     0 max     5
Well W-11#1 x     1850 y     1368 z0   4.94 z1   7.99 nObs  1 t    49 c    22 weight       1 log 0 acceptable range: min     3 max    25
Well W-11#2 x     1850 y     1368 z0  32.46 z1  35.48 nObs  1 t    49 c   0.3 weight       1 log 0 acceptable range: min     0 max     5
Well W-12#1 x     1761 y     1636 z0   3.59 z1   6.64 nObs  1 t    49 c    15 weight       1 log 0 acceptable range: min     3 max    25
Well W-12#2 x     1761 y     1636 z0  32.51 z1  38.61 nObs  1 t    49 c  0.17 weight       1 log 0 acceptable range: min     0 max     5
Well W-13#1 x     1485 y     1149 z0      3 z1      6 nObs  1 t    50 c    72 weight       1 log 0 acceptable range: min    40 max   100
Well W-13#2 x     1485 y     1149 z0     36 z1     42 nObs  1 t    50 c  0.26 weight       1 log 0 acceptable range: min     0 max    20
Well W-14a  x      972 y      869 z0      3 z1      6 nObs  1 t    50 c     0 weight       1 log 0 acceptable range: min     0 max     5
Well W-14b  x      940 y     1160 z0      3 z1      6 nObs  1 t    50 c    30 weight       1 log 0 acceptable range: min     0 max    50
Well W-14c  x      900 y     1260 z0      3 z1      6 nObs  1 t    50 c    10 weight       0 log 0 acceptable range: min     0 max    20


Number of calibration targets = 20
W1_49: 0 weight 1
W2_49: 0 weight 1
W3_49: 0 weight 1
W4_44: 350 weight 1
W4_49: 432 weight 1
W5_49: 0 weight 1
W6_49: 0 weight 1
W7_49: 0 weight 1
W8_49: 0 weight 1
W9_49: 981 weight 1
W10#1_49: 1.1 weight 1
W10#2_49: 0.1 weight 1
W11#1_49: 22 weight 1
W11#2_49: 0.3 weight 1
W12#1_49: 15 weight 1
W12#2_49: 0.17 weight 1
W13#1_50: 72 weight 1
W13#2_50: 0.26 weight 1
W14a_50: 0 weight 1
W14b_50: 30 weight 1

WARNING: Regularization class not found!
Process Grid ... Number of grid components: 10
Grid Time: 0
Grid lines: 25 29 1
Grid Minimums: 499000 538300 0
Grid Maximums: 500200 539400 0.1
Process Time ... Number of time components: 3
Breakthrough-curve time window: start 0 end 0 step 1

Number of optimized parameters = 11
Source x coordinate [L]    :x     : init      1124 step       25 min       210 max      1460
Source y coordinate [L]    :y     : init      1393 step       25 min      1230 max      1930
Source x dimension [L]     :dx    : init       258 step        1 min         1 max       500
Source y dimension [L]     :dy    : init       273 step        1 min         1 max       500
Contaminant flux [M/T]     :f     : init   1.20412 step        1 min        -2 max         2
Start Time [T]             :t0    : init         0 step        1 min         0 max        43
Flow Angle [degrees]       :tetha : init         3 step        5 min       -30 max        30
Pore x velocity [L/T]      :vx    : init   0.69897 step   0.0215 min        -2 max   2.30103
Dispersivity x [L]         :ax    : init    1.8451 step    0.699 min         1 max   2.14613
Dispersivity y [L]         :ay    : init   1.17609 step    0.699 min         0 max   1.47712
Dispersivity z [L]         :az    : init -0.522879 step    0.111 min        -1 max         0

Number of flagged parameters = 0

Number of fixed parameters = 11
Source z coordinate [L]    :z     : 0
Source z dimension [L]     :dz    : 1
End Time [T]               :t1    : 100
Porosity [L3/L3]           :n     : 0.1
Retardation Factor [-]     :rf    : 1
Half-life decay [1/T]      :lambda: 0
Pore y velocity [L/T]      :vy    : 0
Pore z velocity [L/T]      :vz    : 0
Time Scale Dispersivity [-] :      : 2
Time Scale Advection [-]   :      : 0
Time Scale Reaction [-]    :      : 0
Number of parameters with computational expressions (coupled or tied parameters) = 0
Number of regularization terms = 0
Number of predictions = 0


Execution date & time stamp: 20130814-180339

SINGLE CALIBRATION: single optimization based on initial guesses provided in the input file:
Number of Levenberg-Marquardt iterations = 50
Levenberg-Marquardt Optimization ... 
LM using SVD decomposition
LM without LM acceleration
LM with indirect computation of lambda changes
Initial evaluation: OF 63.7496
Jacobian #1: Linear solves 0 Evaluations 12 OF 63.7496 lambda 0.001
Jacobian matrix analysis ...
WARNING: 3 observations have zero sensitivities!
Eigen analysis ...
Analyzed state provided externally.

Jacobian matrix (provided externally)
Observations              : W1_49 W2_49 W3_49 W4_44 W4_49 W5_49 W6_49 W7_49 W8_49 W9_49 W10#1_49 W10#2_49 W11#1_49 W11#2_49 W12#1_49 W12#2_49 W13#1_50 W13#2_50 W14a_50 W14b_50
Source x coordinate [L]   :    0.0    0.0   -0.0  712.1  724.0    0.0    0.0    0.0    0.0 -9e+03  -12.9   -1.0  187.8    2.7   97.8    1.0  253.4    0.7   -0.0 -256.4
Source y coordinate [L]   :    0.0    0.0   -0.0  1e+03  1e+03   -0.0    0.0    0.0    0.0  483.8    7.5    0.6  -19.6   -0.3   84.1    0.9 -589.8   -1.8   -0.0 -326.3
Source x dimension [L]    :   -0.0    0.0    0.0  -16.5  -28.9    0.0    0.0    0.0    0.0  1e+03    1.7    0.1   21.1    0.3   10.6    0.1    0.3   -0.0    0.0   30.2
Source y dimension [L]    :    0.0   -0.0    0.0  148.0  163.4    0.0    0.0    0.0    0.0 -575.5    2.3    0.2   -8.5   -0.1   20.6    0.2  184.5    0.5    0.0   99.3
Contaminant flux [M/T]    :    0.0    0.0    0.0  1e+03  2e+03    0.0    0.0    0.0    0.0  4e+03    4.1    0.4   82.8    1.3   54.8    0.6  265.8    1.0    0.0  139.5
Start Time [T]            :   -0.0   -0.0   -0.0   -0.0   -0.0   -0.0   -0.0   -0.0   -0.0   -0.0   -0.0   -0.0   -0.0   -0.0   -0.0   -0.0   -0.0   -0.0    0.0   -0.0
Flow Angle [degrees]      :    0.0    0.0    0.0  408.8  502.2   -0.0    0.0    0.0    0.0  343.2   -2.8   -0.2  -20.6   -0.3   72.0    0.8 -316.8   -1.0    0.0   49.5
Pore x velocity [L/T]     :    0.0    0.1    0.0  2e+03  2e+03    0.0    0.0    0.0    0.0 -3e+03    8.3    1.6  588.3   15.2  350.0    7.1  738.6    8.3    0.0   48.3
Dispersivity x [L]        :   -0.0    0.0    0.0  -80.4 -119.8    0.0    0.0    0.0    0.0  799.2    5.6    0.5   74.0    1.0   34.0    0.3   -7.5   -0.1    0.0   64.1
Dispersivity y [L]        :    0.0   -0.0    0.0  -23.8  -29.1    0.0    0.0    0.0    0.0 -129.8    1.6    0.1   -5.4   -0.1   13.7    0.1  174.0    0.5    0.0   63.9
Dispersivity z [L]        :   -0.0    0.0   -0.0  306.2  341.8    0.0    0.0    0.0   -0.0  -68.2   -0.4    0.2   -8.6    1.5   -6.7    0.7  -33.5    1.4   -0.0  -16.1
Jacobian matrix stored (example/contamination/s01_yaml.jacobian)

Covariance matrix
Source x coordinate [L]   :   3e+02   3e+01   2e+03   1e+02  -1e+01   1e+10  -4e+01  -1e+02   4e+01   4e+02   7e+02
Source y coordinate [L]   :   3e+01   4e+00   3e+02   3e+01  -2e+00   1e+09  -5e+00  -1e+01  -2e+00   3e+01   7e+01
Source x dimension [L]    :   2e+03   3e+02   2e+04   2e+03  -1e+02   1e+11  -4e+02  -8e+02   8e+00   3e+03   6e+03
Source y dimension [L]    :   1e+02   3e+01   2e+03   4e+02  -3e+01   1e+10  -6e+01  -2e+01  -2e+02  -2e+02   3e+02
Contaminant flux [M/T]    :  -1e+01  -2e+00  -1e+02  -3e+01   3e+00  -8e+08   5e+00   2e+00   1e+01   2e+01  -2e+01
Start Time [T]            :   1e+10   1e+09   1e+11   1e+10  -8e+08   6e+17  -2e+09  -4e+09  -6e+08   1e+10   3e+10
Flow Angle [degrees]      :  -4e+01  -5e+00  -4e+02  -6e+01   5e+00  -2e+09   1e+01   9e+00   2e+01   7e+00  -8e+01
Pore x velocity [L/T]     :  -1e+02  -1e+01  -8e+02  -2e+01   2e+00  -4e+09   9e+00   4e+01  -3e+01  -2e+02  -3e+02
Dispersivity x [L]        :   4e+01  -2e+00   8e+00  -2e+02   1e+01  -6e+08   2e+01  -3e+01   1e+02   3e+02   1e+02
Dispersivity y [L]        :   4e+02   3e+01   3e+03  -2e+02   2e+01   1e+10   7e+00  -2e+02   3e+02   1e+03   1e+03
Dispersivity z [L]        :   7e+02   7e+01   6e+03   3e+02  -2e+01   3e+10  -8e+01  -3e+02   1e+02   1e+03   2e+03
Covariance matrix stored (example/contamination/s01_yaml.covariance)

Correlation matrix
Source x coordinate [L]   :   1.000  0.956  0.982  0.395 -0.420  0.963 -0.641 -0.968  0.195  0.721  0.998
Source y coordinate [L]   :   0.956  1.000  0.994  0.646 -0.666  1.000 -0.837 -0.853 -0.099  0.487  0.936
Source x dimension [L]    :   0.982  0.994  1.000  0.563 -0.584  0.997 -0.775 -0.903  0.005  0.576  0.967
Source y dimension [L]    :   0.395  0.646  0.563  1.000 -0.999  0.628 -0.958 -0.153 -0.824 -0.352  0.335
Contaminant flux [M/T]    :  -0.420 -0.666 -0.584 -0.999  1.000 -0.649  0.965  0.179  0.808  0.326 -0.360
Start Time [T]            :   0.963  1.000  0.997  0.628 -0.649  1.000 -0.824 -0.865 -0.077  0.507  0.944
Flow Angle [degrees]      :  -0.641 -0.837 -0.775 -0.958  0.965 -0.824  1.000  0.429  0.627  0.069 -0.590
Pore x velocity [L/T]     :  -0.968 -0.853 -0.903 -0.153  0.179 -0.865  0.429  1.000 -0.434 -0.871 -0.982
Dispersivity x [L]        :   0.195 -0.099  0.005 -0.824  0.808 -0.077  0.627 -0.434  1.000  0.820  0.258
Dispersivity y [L]        :   0.721  0.487  0.576 -0.352  0.326  0.507  0.069 -0.871  0.820  1.000  0.764
Dispersivity z [L]        :   0.998  0.936  0.967  0.335 -0.360  0.944 -0.590 -0.982  0.258  0.764  1.000
Correlation matrix stored (example/contamination/s01_yaml.correlation)

Eigenvectors (sorted by absolute values of eigenvalues)
Source x coordinate [L]   :  0.876 -0.083 -0.332 -0.001 -0.251  0.126 -0.077  0.132  0.000  0.118  0.000
Source y coordinate [L]   : -0.000 -0.000 -0.000  0.000 -0.000 -0.000  0.000 -0.000  1.000 -0.001  0.000
Source x dimension [L]    : -0.102  0.046  0.148 -0.027 -0.006 -0.039  0.153  0.920  0.001  0.307  0.000
Source y dimension [L]    :  0.061  0.112 -0.294  0.238  0.583 -0.156 -0.487  0.270 -0.000 -0.408  0.000
Contaminant flux [M/T]    : -0.297  0.644 -0.585 -0.042 -0.342  0.182 -0.035  0.028  0.000  0.032 -0.000
Start Time [T]            :  0.000 -0.000 -0.000  0.000 -0.000  0.000 -0.000 -0.000 -0.000 -0.000  1.000
Flow Angle [degrees]      : -0.017 -0.007  0.000  0.952 -0.085  0.104  0.270 -0.031  0.000  0.046 -0.000
Pore x velocity [L/T]     :  0.352  0.745  0.519  0.000  0.139 -0.081  0.120 -0.077 -0.000 -0.082 -0.000
Dispersivity x [L]        : -0.081  0.028  0.345  0.172 -0.332  0.092 -0.803 -0.020  0.000  0.284 -0.000
Dispersivity y [L]        :  0.011  0.076 -0.141 -0.016  0.581  0.286 -0.012 -0.201  0.001  0.717  0.000
Dispersivity z [L]        :  0.018  0.056 -0.176  0.073 -0.076 -0.904 -0.005 -0.125  0.000  0.348  0.000
Eigenvalues               :  1e-08  3e-07  1e-05  2e-05  4e-04  1e-03  3e-02  8e-01  6e+01  2e+03  6e+17

Eigenvectors (sorted by eigenvalues)
Source x coordinate [L]   :  0.876 -0.083 -0.332 -0.001 -0.251  0.126 -0.077  0.132  0.000  0.118  0.000
Source y coordinate [L]   : -0.000 -0.000 -0.000  0.000 -0.000 -0.000  0.000 -0.000  1.000 -0.001  0.000
Source x dimension [L]    : -0.102  0.046  0.148 -0.027 -0.006 -0.039  0.153  0.920  0.001  0.307  0.000
Source y dimension [L]    :  0.061  0.112 -0.294  0.238  0.583 -0.156 -0.487  0.270 -0.000 -0.408  0.000
Contaminant flux [M/T]    : -0.297  0.644 -0.585 -0.042 -0.342  0.182 -0.035  0.028  0.000  0.032 -0.000
Start Time [T]            :  0.000 -0.000 -0.000  0.000 -0.000  0.000 -0.000 -0.000 -0.000 -0.000  1.000
Flow Angle [degrees]      : -0.017 -0.007  0.000  0.952 -0.085  0.104  0.270 -0.031  0.000  0.046 -0.000
Pore x velocity [L/T]     :  0.352  0.745  0.519  0.000  0.139 -0.081  0.120 -0.077 -0.000 -0.082 -0.000
Dispersivity x [L]        : -0.081  0.028  0.345  0.172 -0.332  0.092 -0.803 -0.020  0.000  0.284 -0.000
Dispersivity y [L]        :  0.011  0.076 -0.141 -0.016  0.581  0.286 -0.012 -0.201  0.001  0.717  0.000
Dispersivity z [L]        :  0.018  0.056 -0.176  0.073 -0.076 -0.904 -0.005 -0.125  0.000  0.348  0.000
Eigenvalues               :  1e-08  3e-07  1e-05  2e-05  4e-04  1e-03  3e-02  8e-01  6e+01  2e+03  6e+17
Eigen vactors and eigen values stored (example/contamination/s01_yaml.eigen)

Number of parameters           : 11
Number of observations         : 20
Number of degrees of freedom   : 9
Objective function             : 63.7496
Posterior measurement variance : 7.08329

Optimality metrics based on covariance matrix of observation errors:
A-optimality (matrix trace)               : 5.57895e+17
C-optimality (matrix conditioning number) : 5.5621e+25
E-optimality (matrix maximum eigenvalue)  : 5.57895e+17
D-optimality (matrix determinant)         : 3.80906e-10

Determinant of covariance matrix of observation errors : 3.80906e-10     ( ln(det S) = -21.6885 )
Determinant of observation weight matrix               : 1               ( ln(det W) = 0 )
Determinant of covariance matrix of measurement errors : 2.25209e+09     ( ln(det V) = 21.5351 )

Log likelihood function             : -33.6463
Maximum likelihood                  : 67.2927
AIC (Akaike information criterion)  : 89.2927
BIC                                 : 100.246
CIC                                 : 91.4308
KIC (Kashyap Information Criterion) : 101.718

Obtained fit is relatively good (chi^2/dof = 7.08329 < 200)
Optimized model parameters:
Transformed space (applied during optimization):
Source x coordinate [L]                  :       0.4807 stddev      45.5239 (     -1.5708 -       1.5708) Uncertainty ranges constrained by prior bounds
Source y coordinate [L]                  :    -0.563663 stddev      5.18839 (     -1.5708 -       1.5708) Uncertainty ranges constrained by prior bounds
Source x dimension [L]                   :    0.0300646 stddev      388.896 (     -1.5708 -       1.5708) Uncertainty ranges constrained by prior bounds
Source y dimension [L]                   :     0.090303 stddev       54.314 (     -1.5708 -       1.5708) Uncertainty ranges constrained by prior bounds
Contaminant flux [M/T]                   :     0.646079 stddev      4.41059 (     -1.5708 -       1.5708) Uncertainty ranges constrained by prior bounds
Start Time [T]                           :      -1.5708 stddev   1.9879e+09 (     -1.5708 -       1.5708) Uncertainty ranges constrained by prior bounds
Flow Angle [degrees]                     :     0.100167 stddev      8.50107 (     -1.5708 -       1.5708) Uncertainty ranges constrained by prior bounds
Pore x velocity [L/T]                    :     0.257883 stddev      16.8696 (     -1.5708 -       1.5708) Uncertainty ranges constrained by prior bounds
Dispersivity x [L]                       :     0.494624 stddev      29.4776 (     -1.5708 -       1.5708) Uncertainty ranges constrained by prior bounds
Dispersivity y [L]                       :     0.634047 stddev      86.1985 (     -1.5708 -       1.5708) Uncertainty ranges constrained by prior bounds
Dispersivity z [L]                       :   -0.0457735 stddev      108.931 (     -1.5708 -       1.5708) Uncertainty ranges constrained by prior bounds
Untransformed space:
Source x coordinate [L]                  :         1124 stddev      45.5239 (         210 -         1460) Uncertainty ranges constrained by prior bounds
Source y coordinate [L]                  :         1393 stddev      5.18839 (        1230 -         1930) Uncertainty ranges constrained by prior bounds
Source x dimension [L]                   :          258 stddev      388.896 (           1 -          500) Uncertainty ranges constrained by prior bounds
Source y dimension [L]                   :          273 stddev       54.314 (           1 -          500) Uncertainty ranges constrained by prior bounds
Contaminant flux [M/T]                   :           16 stddev      4.41059 (        0.01 -          100) Uncertainty ranges constrained by prior bounds
Start Time [T]                           :            0 stddev   1.9879e+09 (           0 -           43) Uncertainty ranges constrained by prior bounds
Flow Angle [degrees]                     :            3 stddev      8.50107 (         -30 -           30) Uncertainty ranges constrained by prior bounds
Pore x velocity [L/T]                    :            5 stddev      16.8696 (        0.01 -          200) Uncertainty ranges constrained by prior bounds
Dispersivity x [L]                       :           70 stddev      29.4776 (          10 -          140) Uncertainty ranges constrained by prior bounds
Dispersivity y [L]                       :           15 stddev      86.1985 (           1 -           30) Uncertainty ranges constrained by prior bounds
Dispersivity z [L]                       :          0.3 stddev      108.931 (         0.1 -            1) Uncertainty ranges constrained by prior bounds
Computed initial lambda 10
OF 0.869269 lambda 10
New Jacobian requested because: > OF estimate declined substantially (0.869269 << 63.7496)

Jacobian #2: Linear solves 1 Evaluations 24 OF 0.869269 lambda 3.33333
Jacobian matrix analysis ...
WARNING: 3 observations have zero sensitivities!
Eigen analysis ...
Analyzed state provided externally.

Jacobian matrix (provided externally)
Observations              : W1_49 W2_49 W3_49 W4_44 W4_49 W5_49 W6_49 W7_49 W8_49 W9_49 W10#1_49 W10#2_49 W11#1_49 W11#2_49 W12#1_49 W12#2_49 W13#1_50 W13#2_50 W14a_50 W14b_50
Source x coordinate [L]   :    0.0    0.0   -0.0  723.9  733.5    0.0    0.0    0.0    0.0 -9e+03  -13.8   -1.1  184.5    2.8  100.4    1.1  241.1    0.7   -0.0 -215.0
Source y coordinate [L]   :    0.0    0.0   -0.0  1e+03  1e+03   -0.0    0.0    0.0    0.0  441.7    7.3    0.6  -19.8   -0.3   82.9    0.9 -573.4   -1.9   -0.0 -266.6
Source x dimension [L]    :   -0.0    0.0    0.0  -18.3  -31.1    0.0    0.0    0.0    0.0  1e+03    1.9    0.1   21.0    0.3   10.7    0.1    0.3   -0.0    0.0   24.8
Source y dimension [L]    :    0.0   -0.0    0.0  128.1  139.7    0.0    0.0    0.0    0.0 -623.7    2.1    0.2   -8.3   -0.1   19.7    0.2  173.9    0.5    0.0   80.3
Contaminant flux [M/T]    :    0.0    0.0    0.0  1e+03  2e+03    0.0    0.0    0.0    0.0  4e+03    4.3    0.4   81.5    1.3   55.6    0.7  267.2    1.0    0.0  114.3
Start Time [T]            :   -0.0   -0.0   -0.0   -0.0   -0.0   -0.0   -0.0   -0.0   -0.0   -0.0   -0.0   -0.0   -0.0   -0.0   -0.0   -0.0   -0.0   -0.0    0.0   -0.0
Flow Angle [degrees]      :    0.0    0.0    0.0  401.7  493.1   -0.0    0.0    0.0    0.0  321.7   -2.5   -0.2  -20.0   -0.3   70.5    0.8 -309.6   -1.0    0.0   35.5
Pore x velocity [L/T]     :    0.0    0.1    0.0  2e+03  2e+03    0.0    0.0    0.0    0.0 -3e+03    7.6    1.5  584.3   15.5  355.8    7.4  742.0    8.6    0.0   41.6
Dispersivity x [L]        :   -0.0    0.0    0.0  -84.4 -124.5    0.0    0.0    0.0    0.0  788.4    6.2    0.5   73.4    1.1   34.1    0.4   -7.6   -0.1    0.0   53.6
Dispersivity y [L]        :    0.0   -0.0    0.0  -24.1  -29.8    0.0    0.0    0.0    0.0 -123.6    1.4    0.1   -5.5   -0.1   13.9    0.2  169.2    0.6    0.0   56.6
Dispersivity z [L]        :   -0.0    0.0   -0.0  302.6  337.4    0.0    0.0    0.0   -0.0  -54.0   -0.4    0.2   -8.4    1.5   -6.7    0.8  -33.5    1.4   -0.0  -13.2
Jacobian matrix stored (example/contamination/s01_yaml.jacobian)

Covariance matrix
Source x coordinate [L]   :   4e+01   3e+00   4e+02   5e+01   7e+00   4e+09  -5e+00  -5e+00  -1e+01   2e+01   1e+02
Source y coordinate [L]   :   3e+00   3e-01   4e+01   1e+01   2e-01   4e+08  -1e+00   8e-01  -6e+00  -1e+01   6e+00
Source x dimension [L]    :   4e+02   4e+01   5e+03   1e+03   4e+01   5e+10  -1e+02   6e+01  -6e+02  -9e+02   9e+02
Source y dimension [L]    :   5e+01   1e+01   1e+03   7e+02  -4e+00   2e+10  -7e+01   7e+01  -4e+02  -8e+02   7e+01
Contaminant flux [M/T]    :   7e+00   2e-01   4e+01  -4e+00   1e+00   4e+08   4e-01  -2e+00   5e+00   2e+01   2e+01
Start Time [T]            :   4e+09   4e+08   5e+10   2e+10   4e+08   5e+17  -2e+09   1e+09  -8e+09  -1e+10   8e+09
Flow Angle [degrees]      :  -5e+00  -1e+00  -1e+02  -7e+01   4e-01  -2e+09   7e+00  -7e+00   4e+01   8e+01  -7e+00
Pore x velocity [L/T]     :  -5e+00   8e-01   6e+01   7e+01  -2e+00   1e+09  -7e+00   1e+01  -4e+01  -1e+02  -2e+01
Dispersivity x [L]        :  -1e+01  -6e+00  -6e+02  -4e+02   5e+00  -8e+09   4e+01  -4e+01   2e+02   4e+02  -2e+00
Dispersivity y [L]        :   2e+01  -1e+01  -9e+02  -8e+02   2e+01  -1e+10   8e+01  -1e+02   4e+02   1e+03   1e+02
Dispersivity z [L]        :   1e+02   6e+00   9e+02   7e+01   2e+01   8e+09  -7e+00  -2e+01  -2e+00   1e+02   3e+02
Covariance matrix stored (example/contamination/s01_yaml.covariance)

Correlation matrix
Source x coordinate [L]   :   1.000  0.715  0.853  0.264  0.915  0.763 -0.271 -0.262 -0.120  0.109  0.993
Source y coordinate [L]   :   0.715  1.000  0.973  0.861  0.375  0.996 -0.865  0.484 -0.777 -0.614  0.632
Source x dimension [L]    :   0.853  0.973  1.000  0.729  0.570  0.988 -0.733  0.281 -0.621 -0.426  0.788
Source y dimension [L]    :   0.264  0.861  0.729  1.000 -0.147  0.825 -1.000  0.861 -0.989 -0.930  0.154
Contaminant flux [M/T]    :   0.915  0.375  0.570 -0.147  1.000  0.438  0.140 -0.628  0.290  0.500  0.954
Start Time [T]            :   0.763  0.996  0.988  0.825  0.438  1.000 -0.829  0.425 -0.733 -0.559  0.685
Flow Angle [degrees]      :  -0.271 -0.865 -0.733 -1.000  0.140 -0.829  1.000 -0.858  0.988  0.927 -0.160
Pore x velocity [L/T]     :  -0.262  0.484  0.281  0.861 -0.628  0.425 -0.858  1.000 -0.927 -0.988 -0.368
Dispersivity x [L]        :  -0.120 -0.777 -0.621 -0.989  0.290 -0.733  0.988 -0.927  1.000  0.974 -0.007
Dispersivity y [L]        :   0.109 -0.614 -0.426 -0.930  0.500 -0.559  0.927 -0.988  0.974  1.000  0.221
Dispersivity z [L]        :   0.993  0.632  0.788  0.154  0.954  0.685 -0.160 -0.368 -0.007  0.221  1.000
Correlation matrix stored (example/contamination/s01_yaml.correlation)

Eigenvectors (sorted by absolute values of eigenvalues)
Source x coordinate [L]   :  0.873 -0.085 -0.340 -0.011 -0.253 -0.120 -0.008  0.071  0.133  0.118  0.000
Source y coordinate [L]   : -0.000 -0.000  0.001  0.003  0.030 -0.015  0.984  0.173  0.017 -0.001  0.000
Source x dimension [L]    : -0.103  0.046  0.149  0.038 -0.007  0.036  0.009 -0.142  0.924  0.296  0.000
Source y dimension [L]    :  0.064  0.098 -0.262 -0.276  0.563  0.143 -0.104  0.486  0.267 -0.430  0.000
Contaminant flux [M/T]    : -0.297  0.648 -0.593  0.006 -0.329 -0.173  0.002  0.034  0.030  0.028  0.000
Start Time [T]            :  0.000 -0.000  0.000  0.000 -0.000 -0.000 -0.000  0.000 -0.000  0.000  1.000
Flow Angle [degrees]      : -0.016 -0.017  0.052 -0.943 -0.111 -0.088  0.056 -0.285 -0.025  0.042 -0.000
Pore x velocity [L/T]     :  0.358  0.743  0.518  0.020  0.141  0.077  0.018 -0.115 -0.076 -0.078  0.000
Dispersivity x [L]        : -0.079  0.025  0.353 -0.159 -0.371 -0.089 -0.126  0.782 -0.023  0.266 -0.000
Dispersivity y [L]        :  0.011  0.075 -0.138 -0.028  0.580 -0.277 -0.025  0.043 -0.189  0.724 -0.000
Dispersivity z [L]        :  0.016  0.055 -0.167 -0.075 -0.066  0.914  0.015  0.019 -0.111  0.333  0.000
Eigenvalues               :  1e-08  3e-07  1e-05  3e-05  4e-04  1e-03 -4e-03  3e-02  9e-01  1e+03  5e+17

Eigenvectors (sorted by eigenvalues)
Source x coordinate [L]   : -0.008  0.873 -0.085 -0.340 -0.011 -0.253 -0.120  0.071  0.133  0.118  0.000
Source y coordinate [L]   :  0.984 -0.000 -0.000  0.001  0.003  0.030 -0.015  0.173  0.017 -0.001  0.000
Source x dimension [L]    :  0.009 -0.103  0.046  0.149  0.038 -0.007  0.036 -0.142  0.924  0.296  0.000
Source y dimension [L]    : -0.104  0.064  0.098 -0.262 -0.276  0.563  0.143  0.486  0.267 -0.430  0.000
Contaminant flux [M/T]    :  0.002 -0.297  0.648 -0.593  0.006 -0.329 -0.173  0.034  0.030  0.028  0.000
Start Time [T]            : -0.000  0.000 -0.000  0.000  0.000 -0.000 -0.000  0.000 -0.000  0.000  1.000
Flow Angle [degrees]      :  0.056 -0.016 -0.017  0.052 -0.943 -0.111 -0.088 -0.285 -0.025  0.042 -0.000
Pore x velocity [L/T]     :  0.018  0.358  0.743  0.518  0.020  0.141  0.077 -0.115 -0.076 -0.078  0.000
Dispersivity x [L]        : -0.126 -0.079  0.025  0.353 -0.159 -0.371 -0.089  0.782 -0.023  0.266 -0.000
Dispersivity y [L]        : -0.025  0.011  0.075 -0.138 -0.028  0.580 -0.277  0.043 -0.189  0.724 -0.000
Dispersivity z [L]        :  0.015  0.016  0.055 -0.167 -0.075 -0.066  0.914  0.019 -0.111  0.333  0.000
Eigenvalues               : -4e-03  1e-08  3e-07  1e-05  3e-05  4e-04  1e-03  3e-02  9e-01  1e+03  5e+17
Eigen vactors and eigen values stored (example/contamination/s01_yaml.eigen)

Number of parameters           : 11
Number of observations         : 20
Number of degrees of freedom   : 9
Objective function             : 0.869269
Posterior measurement variance : 0.0965854

Optimality metrics based on covariance matrix of observation errors:
A-optimality (matrix trace)               : 5.43666e+17
C-optimality (matrix conditioning number) : 1.46526e+20
E-optimality (matrix maximum eigenvalue)  : 5.43666e+17
D-optimality (matrix determinant)         : 2.68032e-14

Determinant of covariance matrix of observation errors : 2.68032e-14     ( ln(det S) = -31.2503 )
Determinant of observation weight matrix               : 1               ( ln(det W) = 0 )
Determinant of covariance matrix of measurement errors : 6.82382e-12     ( ln(det V) = -25.7106 )

Log likelihood function             : -10.0235
Maximum likelihood                  : 20.0469
AIC (Akaike information criterion)  : 42.0469
BIC                                 : 53
CIC                                 : 44.1851
KIC (Kashyap Information Criterion) : 64.0336

Obtained fit is relatively good (chi^2/dof = 0.0965854 < 200)
Optimized model parameters:
Transformed space (applied during optimization):
Source x coordinate [L]                  :     0.472584 stddev      2.02593 (     -1.5708 -       1.5708) Uncertainty ranges constrained by prior bounds
Source y coordinate [L]                  :    -0.546839 stddev     0.175188 (   -0.943113 -    -0.150564)
Source x dimension [L]                   :    0.0432689 stddev      21.4972 (     -1.5708 -       1.5708) Uncertainty ranges constrained by prior bounds
Source y dimension [L]                   :    0.0731493 stddev      8.47938 (     -1.5708 -       1.5708) Uncertainty ranges constrained by prior bounds
Contaminant flux [M/T]                   :     0.637011 stddev     0.346655 (   -0.147121 -      1.42114)
Start Time [T]                           :      -1.5708 stddev  2.29151e+08 (     -1.5708 -       1.5708) Uncertainty ranges constrained by prior bounds
Flow Angle [degrees]                     :    0.0799693 stddev      0.83399 (     -1.5708 -       1.5708) Uncertainty ranges constrained by prior bounds
Pore x velocity [L/T]                    :     0.265935 stddev      0.96091 (     -1.5708 -       1.5708) Uncertainty ranges constrained by prior bounds
Dispersivity x [L]                       :     0.445895 stddev      4.35015 (     -1.5708 -       1.5708) Uncertainty ranges constrained by prior bounds
Dispersivity y [L]                       :      0.65501 stddev      9.71394 (     -1.5708 -       1.5708) Uncertainty ranges constrained by prior bounds
Dispersivity z [L]                       :   -0.0725439 stddev       5.0839 (     -1.5708 -       1.5708) Uncertainty ranges constrained by prior bounds
Untransformed space:
Source x coordinate [L]                  :      1119.49 stddev      2.02593 (         210 -         1460) Uncertainty ranges constrained by prior bounds
Source y coordinate [L]                  :         1398 stddev     0.175188 (     1296.71 -       1527.5)
Source x dimension [L]                   :      261.292 stddev      21.4972 (           1 -          500) Uncertainty ranges constrained by prior bounds
Source y dimension [L]                   :      268.734 stddev      8.47938 (           1 -          500) Uncertainty ranges constrained by prior bounds
Contaminant flux [M/T]                   :      15.4736 stddev     0.346655 (    0.509117 -       94.983)
Start Time [T]                           :            0 stddev  2.29151e+08 (           0 -           43) Uncertainty ranges constrained by prior bounds
Flow Angle [degrees]                     :      2.39652 stddev      0.83399 (         -30 -           30) Uncertainty ranges constrained by prior bounds
Pore x velocity [L/T]                    :      5.19632 stddev      0.96091 (        0.01 -          200) Uncertainty ranges constrained by prior bounds
Dispersivity x [L]                       :      66.1008 stddev      4.35015 (          10 -          140) Uncertainty ranges constrained by prior bounds
Dispersivity y [L]                       :      15.4336 stddev      9.71394 (           1 -           30) Uncertainty ranges constrained by prior bounds
Dispersivity z [L]                       :     0.290911 stddev       5.0839 (         0.1 -            1) Uncertainty ranges constrained by prior bounds
Parameter with maximum estimate change between jacobian iterations: Source y coordinate [L]        (-5.00372)
Parameter with minimum estimate change between jacobian iterations: Start Time [T]                 (0)
OF 0.0122956 lambda 3.33333
New Jacobian requested because: > OF estimate declined substantially (0.0122956 << 0.869269)

Jacobian #3: Linear solves 2 Evaluations 36 OF 0.0122956 lambda 1.11111
Jacobian matrix analysis ...
WARNING: 3 observations have zero sensitivities!
Eigen analysis ...
Analyzed state provided externally.

Jacobian matrix (provided externally)
Observations              : W1_49 W2_49 W3_49 W4_44 W4_49 W5_49 W6_49 W7_49 W8_49 W9_49 W10#1_49 W10#2_49 W11#1_49 W11#2_49 W12#1_49 W12#2_49 W13#1_50 W13#2_50 W14a_50 W14b_50
Source x coordinate [L]   :    0.0    0.0   -0.0  717.6  726.1    0.0    0.0    0.0    0.0 -9e+03  -13.3   -1.0  185.1    2.7  100.6    1.1  239.4    0.6   -0.0 -210.4
Source y coordinate [L]   :    0.0    0.0   -0.0  1e+03  1e+03   -0.0    0.0    0.0    0.0  443.8    7.0    0.5  -19.9   -0.3   83.0    0.9 -572.9   -1.8   -0.0 -259.9
Source x dimension [L]    :   -0.0    0.0    0.0  -19.3  -32.4    0.0    0.0    0.0    0.0  1e+03    1.8    0.1   21.3    0.3   10.8    0.1    0.2   -0.0    0.0   24.6
Source y dimension [L]    :    0.0   -0.0    0.0  128.9  140.5    0.0    0.0    0.0    0.0 -626.3    2.0    0.1   -8.3   -0.1   19.7    0.2  173.5    0.5    0.0   78.2
Contaminant flux [M/T]    :    0.0    0.0    0.0  1e+03  2e+03    0.0    0.0    0.0    0.0  4e+03    4.1    0.4   81.5    1.3   55.5    0.6  266.6    1.0    0.0  111.1
Start Time [T]            :   -0.0   -0.0   -0.0   -0.0   -0.0   -0.0   -0.0   -0.0   -0.0   -0.0   -0.0   -0.0   -0.0   -0.0   -0.0   -0.0   -0.0   -0.0    0.0   -0.0
Flow Angle [degrees]      :    0.0    0.0    0.0  403.7  495.4   -0.0    0.0    0.0    0.0  320.5   -2.3   -0.2  -20.1   -0.3   70.5    0.8 -309.1   -1.0    0.0   34.6
Pore x velocity [L/T]     :    0.0    0.1    0.0  2e+03  2e+03    0.0    0.0    0.0    0.0 -3e+03    7.2    1.5  585.5   15.4  356.3    7.3  742.1    8.4    0.0   40.3
Dispersivity x [L]        :   -0.0    0.0    0.0  -85.5 -125.6    0.0    0.0    0.0    0.0  783.3    6.0    0.5   73.5    1.1   34.0    0.3   -7.9   -0.1    0.0   52.6
Dispersivity y [L]        :    0.0   -0.0    0.0  -23.3  -28.9    0.0    0.0    0.0    0.0 -123.7    1.4    0.1   -5.5   -0.1   14.0    0.2  169.7    0.5    0.0   55.6
Dispersivity z [L]        :   -0.0    0.0   -0.0  304.1  339.1    0.0    0.0    0.0   -0.0  -49.7   -0.4    0.2   -8.4    1.5   -6.7    0.7  -33.4    1.4   -0.0  -12.8
Jacobian matrix stored (example/contamination/s01_yaml.jacobian)

Covariance matrix
Source x coordinate [L]   :   2e+01  -1e-01   1e+02  -6e+01   7e+00   8e+08   6e+00  -1e+01   4e+01   1e+02   7e+01
Source y coordinate [L]   :  -1e-01   3e-03  -3e-01   5e-01  -3e-02   3e+05  -5e-02   9e-02  -3e-01  -9e-01  -4e-01
Source x dimension [L]    :   1e+02  -3e-01   6e+02  -9e+01   4e+01   8e+09   1e+01  -2e+01   7e+01   3e+02   2e+02
Source y dimension [L]    :  -6e+01   5e-01  -9e+01   3e+02  -1e+01   1e+09  -3e+01   5e+01  -2e+02  -4e+02  -2e+02
Contaminant flux [M/T]    :   7e+00  -3e-02   4e+01  -1e+01   3e+00   4e+08   1e+00  -3e+00   8e+00   3e+01   2e+01
Start Time [T]            :   8e+08   3e+05   8e+09   1e+09   4e+08   1e+17  -6e+07   1e+08  -6e+08  -4e+08   2e+09
Flow Angle [degrees]      :   6e+00  -5e-02   1e+01  -3e+01   1e+00  -6e+07   2e+00  -4e+00   2e+01   4e+01   2e+01
Pore x velocity [L/T]     :  -1e+01   9e-02  -2e+01   5e+01  -3e+00   1e+08  -4e+00   9e+00  -3e+01  -8e+01  -3e+01
Dispersivity x [L]        :   4e+01  -3e-01   7e+01  -2e+02   8e+00  -6e+08   2e+01  -3e+01   1e+02   3e+02   1e+02
Dispersivity y [L]        :   1e+02  -9e-01   3e+02  -4e+02   3e+01  -4e+08   4e+01  -8e+01   3e+02   7e+02   3e+02
Dispersivity z [L]        :   7e+01  -4e-01   2e+02  -2e+02   2e+01   2e+09   2e+01  -3e+01   1e+02   3e+02   2e+02
Covariance matrix stored (example/contamination/s01_yaml.covariance)

Correlation matrix
Source x coordinate [L]   :   1.000 -0.567  0.817 -0.744  0.922  0.458  0.832 -0.824  0.794  0.870  0.995
Source y coordinate [L]   :  -0.567  1.000 -0.276  0.651 -0.401  0.018 -0.683  0.644 -0.644 -0.661 -0.608
Source x dimension [L]    :   0.817 -0.276  1.000 -0.223  0.976  0.887  0.360 -0.347  0.297  0.427  0.756
Source y dimension [L]    :  -0.744  0.651 -0.223  1.000 -0.428  0.251 -0.989  0.991 -0.997 -0.977 -0.806
Contaminant flux [M/T]    :   0.922 -0.401  0.976 -0.428  1.000  0.767  0.553 -0.540  0.496  0.612  0.880
Start Time [T]            :   0.458  0.018  0.887  0.251  0.767  1.000 -0.109  0.126 -0.176 -0.038  0.370
Flow Angle [degrees]      :   0.832 -0.683  0.360 -0.989  0.553 -0.109  1.000 -0.998  0.997  0.997  0.882
Pore x velocity [L/T]     :  -0.824  0.644 -0.347  0.991 -0.540  0.126 -0.998  1.000 -0.998 -0.996 -0.875
Dispersivity x [L]        :   0.794 -0.644  0.297 -0.997  0.496 -0.176  0.997 -0.998  1.000  0.990  0.849
Dispersivity y [L]        :   0.870 -0.661  0.427 -0.977  0.612 -0.038  0.997 -0.996  0.990  1.000  0.914
Dispersivity z [L]        :   0.995 -0.608  0.756 -0.806  0.880  0.370  0.882 -0.875  0.849  0.914  1.000
Correlation matrix stored (example/contamination/s01_yaml.correlation)

Eigenvectors (sorted by absolute values of eigenvalues)
Source x coordinate [L]   :  0.873 -0.088 -0.339 -0.012 -0.255  0.119 -0.010  0.070  0.134  0.119 -0.000
Source y coordinate [L]   : -0.000 -0.000  0.000  0.002  0.019  0.010  0.986  0.162  0.018 -0.001 -0.000
