OF:  0.98019 0.86005
o1:  0 0
o2:  0.930721 0.915943
o3:  0.926216 0.813849
o4:  0.911869 0.771733
o5:  0.901351 0.753683
o6:  0.893548 0.74363
o7:  0.887499 0.73574
o8:  0.882578 0.728016
o9:  0.878344 0.719872
o10:  0.874458 0.711225
o11:  0.870646 0.702154
