Model parameters:
k -1.88265
S -4.33777

Model predictions:
o1                  :           0 -            0 =            0 (           0) success 1 range            0 -         0.05
o2                  :        5.98 -      6.20842 =     -0.22842 (    -0.22842) success 0 range         5.93 -         6.03
o3                  :        8.02 -       7.3899 =       0.6301 (      0.6301) success 0 range         7.97 -         8.07
o4                  :        8.67 -      8.08435 =      0.58565 (     0.58565) success 0 range         8.62 -         8.72
o5                  :        8.97 -      8.57801 =      0.39199 (     0.39199) success 0 range         8.92 -         9.02
o6                  :        9.14 -      8.96131 =      0.17869 (     0.17869) success 0 range         9.09 -         9.19
o7                  :        9.25 -      9.27469 =     -0.02469 (    -0.02469) success 1 range          9.2 -          9.3
o8                  :        9.31 -      9.53977 =     -0.22977 (    -0.22977) success 0 range         9.26 -         9.36
o9                  :        9.38 -      9.76947 =     -0.38947 (    -0.38947) success 0 range         9.33 -         9.43
o10                 :        9.41 -      9.97212 =     -0.56212 (    -0.56212) success 0 range         9.36 -         9.46
o11                 :        9.45 -      10.1534 =      -0.7034 (     -0.7034) success 0 range          9.4 -          9.5
reg1                :           0 -     0.117345 =    -0.117345 (   -0.117345) success 1 range           -1 -            1
reg2                :           0 -     -0.33777 =      0.33777 (     0.33777) success 1 range           -1 -            1
reg3                :           4 -         9.41 =        -5.41 (       -5.41) success 1 range            0 -           10
Objective function: 31.3896 Success: 0 (0)
Number of function evaluations = 30
