OF:  0.510756 0.130106
o1:  0 0
o2:  0.486565 0.240474
o3:  0.501555 0.120136
o4:  0.505655 0.0870864
o5:  0.507552 0.0796981
o6:  0.508675 0.0853843
o7:  0.509457 0.0986056
o8:  0.51011 0.116235
o9:  0.510801 0.136374
o10:  0.511685 0.157841
o11:  0.512909 0.179886
